1234
0000
1111
2580
1212
5555
2222
6969
7777
5683
4444
9999
8888
0852
1313
1998
3333
1997
2468
2323
2112
4321
1379
1010
1122
2525
6666
1996
1999
1984
2011
1969
1995
1221
2000
1973
1987
5150
1981
1993
1985
2001
1590
1235
1994
1975
2012
2424
1988
1991
1977
2121
1414
1986
1989
1978
1992
1245
3825
1980
1983
2020
1979
1357
1976
1965
1990
2002
9876
1236
2486
1982
1478
1223
1337
0123
1225
5252
1974
1231
1230
0808
7890
1701
2010
1919
1970
1233
1515
1000
1470
1472
1123
1964
2233
1972
1967
1966
1001
1224
1211
1121
1963
1598
3690
1397
3636
1214
1020
1216
1213
1717
0420
8080
5050
1024
4545
1956
1968
2255
1127
1210
1971
8520
2004
1114
1776
1258
1937
2007
3232
2005
1124
1945
1948
2003
6288
4242
1013
1112
1007
1031
1739
7878
1117
1023
0007
0815
5678
0987
1232
1911
1793
1818
1324
1028
1215
2552
1220
8008
2013
1962
5225
3141
1958
0707
0220
1120
1134
4200
2303
2106
1017
4536
1959
1369
0303
2626
1066
1961
1022
2008
5656
1105
1425
1144
4568
1218
1209
1954
1201
1208
1012
1949
3131
2009
1254
1955
1130
1227
2684
2539
1951
0711
2006
1453
1960
1217
1355
1021
1029
2211
1125
1812
1331
2345
1004
1030
1596
1950
3570
1306
1952
1203
1014
3698
5858
2828
1243
6453
1126
1129
1228
1593
1346
1016
1011
2589
1027
1102
0909
1256
1944
1947
1015
1002
0128
5623
1101
7272
9111
1957
9090
2662
0911
3535
2046
2503
2110
2101
5757
1207
0214
4567
0202
1205
5000
4141
5253
2507
6425
3108
1119
1104
3699
1595
1946
1008
1110
1492
1432
3399
0705
1953
3223
0513
3030
0415
0812
1109
1026
1222
7399
4247
2312
8989
1616
2212
1238
1219
6464
2508
6789
2369
3777
1107
0001
2811
3000
2511
0110
3283
5525
6669
7896
1108
1452
2846
4455
9696
1802
1943
1601
0330
3693
3110
0811
2929
2326
1405
4040
4747
1106
1229
1200
1003
3011
1942
3112
3322
0512
0505
3669
0211
1133
2639
1572
0101
1471
3434
5454
1025
1735
2357
3234
7676
1128
1289
2356
2131
2412
0503
6633
2408
2425
0530
1115
3214
7926
5151
6767
0824
0410
2512
4569
4646
1202
0425
1442
2100
0208
2411
2244
0511
1206
9632
3125
0203
2109
2111
2501
0311
1226
4578
5566
2210
0429
0666
1805
4711
5599
1310
7899
0404
2442
3696
0528
4268
1800
1103
1275
0201
0222
5254
1410
1599
6363
1204
2014
1138
3344
0314
5674
0369
1511
1910
1415
2288
2627
7000
1711
2204
0525
1040
2535
2610
9000
2124
1580
2354
1709
0318
1412
6996
0312
0424
1314
1411
5377
2583
1301
1542
0217
6565
0428
0880
0221
2510
0210
2582
5646
1099
2513
0907
1718
2665
2229
0426
1604
2504
8787
0809
4848
0623
1009
0411
3578
1532
3146
1933
0013
0224
1458
2203
2122
1116
4523
5639
1018
4283
2687
7734
2554
2526
0325
0414
2332
2727
3355
4592
1437
0912
0524
1005
1239
0321
2585
3425
1710
7410
2606
1512
8804
2901
4512
7913
1909
9191
0502
1510
1908
2223
5432
1591
1333
1269
1402
0612
1602
8088
1253
1808
2810
0102
0143
0331
1325
5689
1804
2321
7979
0405
7474
0412
0522
2569
0891
1150
1513
2307
2541
5500
1192
0621
0710
1298
6699
0008
1019
1597
1252
2022
2528
0417
0147
4477
1941
2808
3113
3197
0408
0514
0517
0215
0427
2015
1527
1555
1905
1936
7625
1100
1922
7171
0402
0508
9898
0520
7654
0401
1423
8426
0789
2277
2324
3650
1907
5533
1488
2378
4466
9595
0616
0515
0523
1113
5853
2343
2737
2129
4311
8383
1516
0228
1403
4563
0316
1436
1917
2215
2909
2213
2564
0212
0304
0324
0619
1928
3211
8282
0927
1524
2456
1850
1438
2409
2635
0302
8991
0112
1118
1312
0825
3579
3431
3533
0070
1732
2772
1080
2469
5425
5665
0216
0501
1441
2200
1244
1627
1932
1422
2355
0326
0506
2058
0421
2342
8252
1321
2306
6275
0323
2327
5353
2016
2587
1440
2904
2907
3005
4343
1299
1469
1551
5472
0721
1006
0006
1373
3263
0901
1326
1903
2201
5211
0624
3117
7225
1821
1900
2502
0103
0113
0218
0716
0611
1278
2311
4560
2401
3410
4228
1308
1519
2224
6661
0601
0702
8523
7448
2563
1780
5334
8588
3221
0011
0109
0317
1421
0509
7788
2478
4344
6678
1608
2663
0829
1501
0213
0526
1920
0822
5953
1265
2040
2187
2746
4273
5895
9012
1250
1617
2030
2544
2611
3321
0504
6060
0125
0430
0628
1323
7667
0814
0923
1553
3015
4269
4463
7249
1881
2208
3711
4411
0105
2423
0115
0813
0816
0914
0915
0925
0823
5673
4710
1789
2205
2248
2421
7268
1420
2221
8521
0929
2123
1351
3359
5102
5420
8604
1290
2769
1912
3006
5258
9119
1433
0423
0521
0626
6262
8585
4504
5196
1143
1342
5654
6264
0204
0602
0604
1248
0828
3369
5455
7070
0422
0610
1913
2567
0022
1259
2558
3212
3733
4123
0309
0712
0713
0714
0120
0507
0510
5283
2062
3720
6209
1428
1533
1822
1916
2301
3169
6942
0305
0618
1296
1473
4653
5456
7530
0801
1408
2406
5464
0223
0407
4673
2588
0156
5026
5516
6768
2337
2705
3101
3365
5325
0012
0701
1921
1923
3010
5959
7877
0413
0729
0806
2868
3791
0313
0723
4001
6099
7549
8053
8796
9339
1661
1706
2267
2453
2548
2908
1189
1506
2209
2274
2522
2252
3662
4763
4403
4907
7143
8275
2128
5271
0617
1132
1187
1771
1810
2202
2243
2404
5874
0219
0704
0804
2021
2325
4564
5280
6369
0121
0124
0926
1582
2678
5259
5645
6636
6791
1525
1925
2235
2314
2505
2509
0418
0924
1303
1404
1406
0328
0406
0920
0130
1456
1477
2653
1050
1493
1704
5212
5312
8912
0118
1177
2234
2242
2305
2309
2322
2384
4462
6463
9856
0719
1712
2458
7575
0731
0810
0831
0910
1523
0310
2850
1669
1874
1940
2380
6110
9900
1092
1823
5284
5854
7319
7873
0207
0516
0918
3258
0709
1400
8800
9333
0921
2026
2793
3132
4424
4572
2155
2465
4357
5333
7391
8822
9797
1237
7373
0226
0308
1384
1695
3301
3386
5443
5501
8111
1708
2366
4456
4554
6673
6283
0225
0329
0715
0722
0827
5433
1058
3123
3387
8881
1198
1626
1918
2236
2276
2422
2910
8762
8789
0209
0906
9512
0320
0529
0625
0819
0826
0919
1358
3210
4562
5522
5625
7536
1844
2741
2986
3648
7828
7862
7988
9375
1277
1427
1605
2142
2144
2300
2398
2701
4422
5512
1311
3323
4587
4769
0327
0531
0805
0917
1199
7827
8484
0191
1075
1842
2219
4127
4145
5121
5250
6459
1619
2702
2802
3111
3666
4125
4152
4758
5511
6600
9630
1901
5421
8808
0009
0206
0606
3366
0913
4565
0288
1461
2900
3689
4002
5882
6569
6841
7054
8541
8571
1069
1159
1727
2317
2806
4561
0518
0908
1147
1285
1435
1508
1535
1906
2524
0129
2460
3264
0140
0385
3400
4388
4867
5092
7195
8242
1559
2257
2729
3004
3412
3600
4111
5662
0080
0630
1305
1505
2232
2287
3311
3647
9669
0416
0419
1315
1530
1707
2579
5477
6624
0724
8634
9272
1136
1151
1184
1356
2218
2599
2830
5355
6190
6688
7233
0119
2728
5233
0802
9224
2258
2536
5588
3878
4056
4143
4332
5033
6195
7495
7749
8390
9423
0990
1631
1934
1939
2019
2341
2991
3200
4421
5469
0605
1825
2428
4556
0301
0307
1430
1570
0952
4183
4900
6332
6500
7123
8840
9142
0055
0550
1268
1725
2477
4221
7325
0258
1291
1522
1801
2313
2413
2485
3266
3838
4991
5115
5337
5465
0122
0205
4580
0821
8899
0153
0179
7327
7932
2085
2227
4101
4112
5243
7997
9821
1241
1317
1929
2262
7891
0620
0708
0726
1417
2125
2500
9731
1037
1185
1332
1341
1574
2079
4262
4791
1914
2114
2188
3645
0928
3742
7285
8624
8669
0227
0319
0150
1429
1464
1664
1806
2132
2138
2766
3001
3478
3536
3562
3710
3921
5101
9311
1320
1401
2115
2250
7799
0322
0609
0817
2407
4224
4253
0527
5366
8487
7502
0250
1335
1345
1495
2824
4350
4542
4812
5060
5667
5669
6769
9396
9801
1302
1500
1603
1610
2275
3003
7535
8765
0131
0905
2254
3663
7673
0015
1680
2093
2249
4142
4515
6442
7223
8488
8778
9295
9981
0069
2108
4789
6248
7224
7337
8055
8910
8998
0116
2107
2633
3194
3737
9137
0315
1592
0074
0898
1367
2192
2447
3242
4144
4169
4235
4312
4417
5120
5531
6488
1293
1327
1375
1807
2133
2316
2467
2488
2543
2911
4488
0127
0903
0916
1526
1569
2333
4256
4589
5826
0519
0727
7412
1052
1078
1824
2479
3586
4222
4300
4469
5589
6123
7641
7863
8691
1393
1396
1896
2134
2206
2797
3697
4243
4255
4527
4546
5800
5847
7117
0108
0608
3691
6868
0613
2625
0450
1646
2164
2371
2516
2774
2848
3032
3641
4441
5690
5714
5775
7475
7693
7963
8240
8659
0020
1033
1088
1722
2220
2245
2358
4664
5324
7246
7426
0088
0627
0896
1322
1416
2667
3826
3939
6543
7531
0922
1475
2310
3571
8000
8675
9870
0192
1264
1445
1561
2444
2565
2840
3356
3415
3457
3767
4203
4212
4225
4453
4507
5126
5204
6100
7175
7220
7419
8315
9185
9891
1170
1609
1650
2402
2420
2455
2745
2809
3332
3658
4114
7699
7895
8226
9510
0104
0629
0930
2315
3580
5357
5552
8686
0864
1076
3270
3470
3495
3872
4066
4077
4519
4770
4790
4951
5660
6170
6322
6642
8693
9313
0246
1304
1340
2117
2795
3124
3216
3466
4400
5487
6277
7677
9753
0830
1257
1309
1703
2103
2253
2568
3256
5991
6234
3574
2340
2661
3487
3615
3714
4023
4278
4415
5049
5608
6029
6372
6557
7454
7492
7554
8385
8455
8970
9390
9502
9580
9785
1328
1891
2140
2285
2395
2693
3007
3255
5244
5321
9633
0728
0818
1307
2017
2389
2723
3278
3456
5282
7297
9988
0040
0337
1072
1660
1675
2958
3740
4096
4309
4440
4629
4778
4807
5850
6612
6871
8317
1097
1721
1741
2207
2231
4231
4267
4620
4688
4869
5109
5275
5422
5505
5969
0003
1463
1520
1811
2559
3575
4355
4826
5891
0703
2426
2532
4566
5263
7465
0035
3162
5405
6499
6575
7923
8751
9565
1095
1154
1282
1624
1865
2080
2217
2605
2804
3103
4250
4865
5411
5553
6456
6548
6667
6776
7007
7274
7428
9909
0820
2328
2334
2523
2711
5264
8462
9653
0126
0607
0614
1155
0486
0493
1374
1554
2941
3716
3772
4182
4381
4436
4808
6129
6576
7091
7151
7177
7507
1588
2246
2298
2466
2515
2688
2707
2807
3591
3891
4215
5248
5482
5624
5658
5821
6663
7243
8486
8723
8791
9292
9494
0077
0106
1775
2105
2529
2864
3215
3265
4862
5369
7425
0725
2581
0578
1656
1884
3850
4873
7751
8448
9952
0159
1054
1276
1387
1390
1753
1885
2264
2417
2476
2483
2823
2825
3247
3350
4251
5124
5168
5255
6556
7766
7778
7861
8295
8828
9800
0603
0730
1190
1294
2263
2415
2427
3695
5394
8181
8558
9639
2586
5236
6274
6230
8432
0357
0690
1047
1064
1174
1283
1563
1573
1691
1813
1839
1930
2143
2199
2278
2452
2600
2602
2645
2686
2856
3107
3217
3312
3526
3866
4151
4590
4846
5266
5288
5466
6665
8526
9996
1035
1297
1611
1728
2018
2256
2506
2584
2608
3625
4209
4258
4658
5223
5825
7456
1359
3692
3719
9225
4090
5440
1063
1371
1378
1628
1770
1828
1880
2351
2431
2560
2656
2674
2698
2837
3151
3235
3462
3467
3546
3811
3862
4475
4511
4613
4911
6247
7372
7427
7488
8256
8668
0285
1188
1380
1431
2269
2480
2550
2677
2722
2726
2882
4663
5859
6225
6424
7991
9110
9513
0117
0963
5632
5698
7467
8642
0184
8307
0135
0183
0900
1181
1240
1249
1272
1392
1575
1790
2392
2659
2884
3201
3303
3334
3373
4245
4553
4765
5268
5293
5453
5541
5663
5864
6297
7893
7894
8812
8889
8978
9789
9955
0951
1612
1904
2912
3577
3590
5232
5551
5693
6272
7290
8732
9009
0615
0720
1424
2365
9455
9874
1318
1566
2048
2136
2137
2281
2294
2297
2439
2475
2556
2561
2735
2765
2784
3241
3398
3452
3568
4147
4205
4254
4811
5056
5446
5520
5590
6587
6639
7129
7458
7557
7779
8114
8235
9858
1398
1418
1498
2282
2448
2527
2878
3233
4223
4521
4528
5208
5226
7931
8246
9514
9852
0803
1474
2113
2546
3652
5626
8674
1353
1419
1799
1857
2023
2060
2161
2377
2494
2739
2760
2827
2982
3050
3058
3099
3313
3405
4187
4188
4486
4499
4591
4624
4755
4814
5247
5310
5437
5478
5535
5557
5622
5808
6621
6915
6965
6995
7121
7311
7666
7689
7741
8159
9444
9701
9944
0107
0551
1352
1444
1892
2104
2141
2403
2521
2555
3745
4229
6452
7111
7669
7825
7865
8855
9658
0717
7277
7326
0019
0075
0333
0440
1363
1462
1541
1636
1786
1796
1848
1864
2045
2071
2089
2099
2116
2237
2367
2441
2450
2578
2668
2721
2785
2894
3391
3443
3555
3559
3610
3792
4000
4003
4190
4280
4626
5133
5320
5356
5391
5640
5712
5805
5884
6314
6410
7229
7476
7685
7880
8089
8411
8586
8610
8811
8866
9524
9592
0706
0777
1284
1385
1434
1496
1504
1507
1583
1670
1679
2266
2397
2482
2747
3330
4588
5152
5544
5556
9953
0718
1509
1594
0059
0081
0100
0142
0546
0599
1139
1349
1362
1481
1652
1740
1817
2031
2157
2374
2570
2619
3276
3683
4116
4157
4208
4217
4248
4407
4505
4650
4830
5197
5240
5257
5331
5393
5428
5496
5642
5822
5962
6231
6911
7120
7416
8311
8472
8491
8848
8858
9492
9982
0099
1242
1426
2119
2320
2419
2680
3222
4649
5005
5462
6226
6325
6662
7266
7423
8990
9663
9713
0114
2145
2410
7532
0079
0164
0462
0981
1059
1161
1451
1544
1613
1633
1737
1760
2449
2454
2646
2725
2867
2892
2932
3092
3142
3177
3180
3181
3299
3316
3341
4010
4080
4334
4372
4404
4484
4513
4610
4754
4767
4821
4932
4935
4962
5078
5190
5238
5370
5509
5537
5633
5978
6020
6223
6446
6692
6742
7025
7420
7579
7698
7808
7869
8131
8421
8727
8785
8903
8926
8993
9193
9491
9599
9710
0024
0902
1141
1562
1585
1600
1618
1788
1887
2127
2147
2433
2457
2710
2792
5246
5521
5878
6232
6454
6891
8525
8890
9378
0409
1288
1407
2547
3739
5326
6991
7264
0149
0152
0178
0347
0494
0652
0959
1060
1074
1648
1684
1860
2184
2348
2572
2614
2744
2754
3239
3271
3432
3665
3674
3715
3910
4094
4304
4331
4502
4550
4576
4675
4713
4750
4842
4875
5134
5198
5460
5491
5574
5631
5671
5692
5771
5976
6015
6122
6213
6238
6468
6512
6534
6577
6822
7114
7179
7248
7374
7592
7642
7665
7710
7781
7787
8050
8151
8162
8436
8909
8934
9001
9066
9080
9092
9199
9422
9552
9659
9687
9688
9691
9905
1251
1489
1531
1537
1552
1567
1888
1890
1902
2189
2329
2362
2394
2530
2855
4263
4377
4532
5272
5295
7227
7452
7656
7711
9511
9631
0111
0306
1032
1098
2225
3269
4265
5483
5802
7139
0032
0050
0134
0190
0251
0556
0596
1044
1148
1840
2041
2053
2075
2376
2495
2874
2942
2955
2972
3083
3390
3461
3501
3751
3857
4041
4047
4175
4397
4480
4644
4660
4681
4700
5129
5270
5419
5605
6061
6149
6180
6582
6810
6869
7580
7651
8046
8217
8241
8395
8456
8527
9024
9262
9345
9488
9618
9675
9842
9878
1090
1193
1409
1723
1724
1893
2064
2178
2284
2609
2891
3254
3596
3684
5423
5528
5565
6660
7447
7852
8825
9963
1169
2435
3262
3654
4628
0095
0193
0231
0387
0491
0541
0685
0791
1546
1854
1859
1861
2767
2949
3066
3175
3504
3520
3754
3848
4100
4153
4313
4362
4409
4697
4872
4887
4928
5086
5098
5122
5147
5175
5371
5451
5468
5568
5587
5756
5767
5948
6115
6147
6197
6390
6443
6473
6558
6889
7001
7009
7011
7051
7053
7318
7380
8045
8107
8288
8322
8600
8605
8786
8982
9108
9192
9252
9299
9712
9720
9750
9976
0853
1280
1388
1389
1490
1536
1587
1620
1894
1926
2385
2533
2595
2708
2839
2905
3195
3331
3500
4020
4207
4276
5213
5235
5285
5397
5558
5885
6936
7722
8118
8255
8833
9317
0800
1247
2432
2604
5289
5299
5896
8852
0375
0442
0535
0561
0794
0873
0881
0933
1772
1843
1868
2171
3052
3172
3514
3616
4042
4103
4302
4342
4431
4627
4670
4744
4792
4910
5038
5067
5143
5160
5350
5407
5670
5761
5922
6102
6408
6574
6684
6884
6972
7012
7044
7074
7107
7154
7205
7765
7868
7901
7945
8100
8145
8166
8215
8325
8345
8437
8555
8575
8648
8758
8767
8795
8884
9127
9228
9392
9831
0089
1039
1068
1176
1197
1394
1539
1729
1870
1924
2118
2180
2241
2286
2318
2379
2566
2634
2643
2669
2694
2715
2736
3021
3282
3547
3572
3597
3611
3618
4266
4279
4522
5051
5214
6006
6294
6532
6680
7369
7595
7682
8267
8512
9187
9263
9310
0807
1350
2102
2308
4679
5111
5262
9875
0061
0093
0160
0242
0267
0432
0479
0481
0484
0533
0568
0595
0651
0737
0884
1677
2047
2945
2970
3079
3143
3401
3620
3738
3881
3886
3896
3906
4068
4108
4351
4361
4773
4781
4904
4955
4957
5034
5311
5607
5997
6033
6077
6304
6444
6501
6676
6758
6783
6837
6937
7029
7340
7342
7504
7581
7650
7796
7843
7920
7933
7950
8082
8125
8156
8394
8396
8554
8559
8850
8859
8941
8961
9107
9405
1049
1055
1158
1180
1273
1287
1319
1615
1792
1798
1820
1889
2025
2146
2148
2344
2400
2782
2888
2930
3145
3199
4226
4275
5083
5221
5251
5273
5274
5412
5494
5545
6336
6580
7112
7269
7273
7383
7771
7879
8410
9376
9865
0403
0622
0741
1255
1623
2259
2648
2812
4552
5963
6279
0464
0663
0771
0973
2070
3068
3550
3749
3769
3890
4389
4405
4864
5070
5172
5382
6113
6220
6489
6930
7108
7174
7848
8168
8374
8405
8417
8950
9097
9165
9172
9453
9554
9601
9626
9897
1061
1195
1370
1465
1545
1550
1621
1634
1726
1734
1797
1835
1852
1938
2150
2179
2290
2381
2414
2531
2538
2571
2590
2628
2629
2630
2691
2703
3008
3105
3257
3279
3293
3325
3492
4126
4376
4414
4593
4596
4598
4949
5100
5231
5267
5296
5362
5452
5598
5972
6291
6373
6622
6872
6988
7210
7211
7226
7286
7298
7469
7860
8895
8898
9371
9449
1286
1300
1399
1413
2748
3377
5224
7295
7590
7898
7924
8739
9966
0037
0048
0244
0265
0536
3047
3418
4481
4630
4717
4903
4981
5507
6053
6172
6318
6348
6697
7785
7850
7906
8164
8360
8478
9044
9136
9315
9406
9585
9640
9961
0858
0874
1077
1087
1145
1182
1196
1344
1547
1548
1557
1586
1606
1696
2152
2186
2418
2451
2481
2623
2831
2875
2906
3104
3170
3339
3721
3764
3822
3865
4655
4815
5010
5154
5265
5297
5499
5529
5995
6266
6333
6431
6466
6635
7110
7278
7755
7789
7883
8513
8701
9210
9264
9922
9962
1809
2272
2299
2712
3012
3473
3569
3746
4286
4595
5384
5577
6547
6736
3755
3880
9938
0016
0894
0897
0991
1038
1137
1149
1157
1164
1450
1528
1716
1730
1829
1833
2050
2165
2169
2359
2438
2446
2593
2607
2631
2642
2679
2709
2893
2899
3327
3667
3773
3969
4044
4156
4177
4290
4445
4500
4526
4533
4586
4722
4786
5554
5582
5650
5723
5729
6422
6611
6644
6845
6886
7245
7259
7537
7770
7823
8188
8250
8264
8896
9464
9641
9697
1096
1316
1479
1518
1538
2474
3213
3245
4525
4753
5309
5426
5869
6523
9911
9948
0230
0243
0588
0866
0889
1034
1043
1083
1086
1439
1454
1497
1514
1529
1571
1836
1877
2027
2198
2260
2292
2330
2346
2347
2372
2534
2682
2695
2718
2800
2822
2843
2890
3120
3191
3291
3422
3423
3424
3454
4106
4210
4218
4271
4298
4410
4520
4557
4597
4654
4680
4685
4723
4726
5290
5404
5427
5610
5636
5641
5711
5889
6177
6211
6357
6980
7478
7663
7747
7769
8265
8425
8552
8599
9178
9536
9570
0005
1476
1502
2120
2154
2304
2416
2430
3121
3253
3573
6698
6842
7424
7429
7445
7867
9393
0078
0163
0289
0456
1036
1042
1085
1140
1260
1348
1360
1376
1494
1540
1642
1649
1845
1878
1897
2054
2061
2268
2280
2391
2437
2443
2551
2596
2638
2683
2713
2742
2775
2794
2865
3100
3114
3130
3140
3237
3240
3251
3268
3285
3407
3455
3675
3712
3937
4063
4104
4230
4261
4285
4427
4622
4691
4795
4824
4851
4858
4892
4994
5022
5105
5110
5156
5184
5210
5229
5317
5335
5476
5530
5643
5647
5840
6201
6224
6245
6606
6664
6958
7231
7234
7299
7323
7468
7664
7791
7854
7892
8150
8420
8556
8579
8587
8856
9015
9099
9115
9431
9596
9622
9832
9871
9990
0187
0904
1521
1931
2405
2436
3673
3971
5123
5635
5653
7263
7946
9463
0044
0252
0770
0798
1041
1081
1160
1171
1261
1330
1622
1643
1742
1834
1837
2044
2087
2383
2429
2462
2487
2613
2641
2654
2777
2876
2886
2889
2897
2902
2927
3033
3069
3171
3220
3315
3343
3357
3396
3486
3512
3513
3521
3524
3623
3651
3680
3756
3968
3984
4055
4132
4310
4363
4529
4558
4651
4728
4766
4774
4775
5136
5159
5234
5245
5318
5327
5329
5430
5434
5514
5532
5620
5621
5763
5827
5833
5857
5894
5999
6007
6011
6126
6162
6250
6268
6282
6561
6601
6646
6784
6874
6913
7292
7322
7353
7366
7386
7418
7435
7526
7572
7762
8228
8290
8323
8372
8467
8564
8565
8665
8688
8705
8783
8862
8921
8946
8999
9112
9114
9123
9177
9246
9674
9805
9854
9881
9915
1191
1391
1503
2214
2470
2545
2697
3179
8738
9515
0064
0198
0548
0654
0698
0699
0859
0985
1178
1381
1487
1568
1632
1644
1657
1676
1733
1754
1783
1784
1847
1853
1856
2032
2167
2183
2464
2573
2647
2672
2724
2786
2931
2973
3013
3019
3054
3205
3292
3328
3384
3385
3436
3459
3463
3556
3558
3581
3598
3632
3644
3782
3799
3875
3883
3894
4012
4115
4133
4138
4159
4160
4179
4299
4326
4370
4379
4447
4607
4612
4746
4757
4779
5011
5030
5125
5135
5220
5227
5260
5276
5375
5493
5497
5498
5596
5600
5735
6003
6090
6229
6254
6371
6400
6474
6686
6691
7089
7289
7432
7455
7773
7793
7966
8085
8086
8108
8123
8212
8225
8254
8369
8482
8492
8524
8538
8593
8623
8645
8654
8687
8692
9008
9014
9253
9273
9277
9411
9473
9498
9600
9673
9825
9899
9931
9951
0002
1499
1702
2393
2789
4328
4454
4637
4652
4785
5239
5287
5399
5550
5585
5829
6321
7539
8769
9211
9991
0200
0399
0549
0586
0882
1056
1062
1443
1577
1672
1699
1719
1876
2052
2095
2170
2181
2196
2216
2291
2293
2370
2753
2832
2834
2838
2854
2872
2880
2918
2950
2983
3017
3018
3081
3138
3202
3204
3207
3208
3250
3297
3305
3372
3393
3433
3464
3468
3503
3537
3561
3624
3700
3785
3821
3828
3841
3851
3911
4015
4065
4136
4246
4252
4301
4353
4365
4367
4408
4496
4516
4537
4548
4551
4659
4762
4844
4859
4899
4990
5037
5112
5113
5114
5130
5158
5215
5242
5261
5305
5379
5380
5410
5418
5449
5475
5503
5518
5543
5584
5591
5648
5666
5762
5780
5818
5831
5892
5920
6141
6256
6287
6298
6337
6355
6376
6485
6517
6856
6971
7083
7118
7125
7280
7312
7328
7345
7392
7413
7493
7522
7585
7655
7700
7712
7724
7729
7750
7884
7885
8010
8023
8081
8091
8102
8354
8510
8677
8721
8744
8818
8877
8892
8911
8996
9091
9139
9182
9413
9448
9614
9780
9786
9841
9853
9912
0023
1093
1395
1486
1705
1830
2265
2273
2445
2489
2622
2624
2704
3275
3277
3474
3510
4211
4260
5200
5652
5823
5852
6352
6677
7588
7809
8253
0017
0045
0182
0299
0431
0590
0758
0788
0953
0986
1449
1564
1640
1641
1765
1766
1774
1781
1886
2036
2049
2090
2360
2361
2440
2471
2492
2577
2640
2818
2967
3025
3077
3118
3129
3184
3188
3219
3296
3345
3348
3465
3519
3540
3557
3593
3744
3789
3843
3893
3982
4017
4021
4070
4150
4168
4185
4237
4270
4284
4306
4316
4366
4386
4432
4458
4490
4506
4583
4801
4819
4823
4898
5007
5119
5131
5142
5301
5385
5388
5415
5471
5495
5542
5575
5614
5701
5710
5786
5812
5813
5819
5866
5876
5951
5952
5980
6001
6188
6194
6200
6202
6259
6339
6413
6478
6583
6585
6687
6817
6923
6968
6985
7002
7072
7256
7293
7357
7358
7360
7377
7398
7438
7466
7509
7519
7584
7598
7632
7645
7688
7695
7708
7757
7764
7784
7824
7836
7882
7936
7983
7989
8001
8210
8248
8355
8379
8457
8501
8509
8514
8546
8566
8650
8742
8802
8873
8988
9102
9171
9201
9231
9450
9477
9489
9582
9654
9799
9888
9914
9960
9980
0582
0753
1045
1131
1270
1832
2130
2195
2226
2289
2335
2387
2514
2542
2799
3326
4599
5523
5820
6239
6284
6455
7411
8433
9428
0027
0028
0052
0072
0098
0146
0151
0254
0266
0273
0294
0297
0497
0544
0587
0642
0689
0767
0887
1153
1651
1654
1662
1665
1720
1747
1768
1851
1879
2029
2051
2056
2162
2349
2350
2520
2644
2651
2660
2716
2773
2817
2819
2826
2845
2859
2863
2913
2916
2954
3023
3028
3051
3080
3139
3154
3193
3196
3281
3320
3380
3397
3408
3416
3441
3451
3469
3502
3517
3542
3606
3630
3640
3741
3748
3765
3800
3940
4016
4050
4054
4085
4091
4171
4180
4259
4294
4336
4341
4383
4472
4535
4602
4618
4656
4693
4712
4776
4832
4835
4840
4855
4860
4866
4870
4979
4987
5019
5021
5055
5066
5118
5169
5189
5237
5306
5323
5330
5413
5424
5490
5586
5655
5677
5700
5801
5844
5881
6009
6109
6130
6185
6236
6397
6467
6516
6525
6614
6616
6631
6721
6770
6777
6781
6785
6790
6931
6953
7003
7043
7045
7095
7135
7155
7186
7202
7215
7346
7361
7513
7534
7548
7550
7621
7659
7703
7713
7727
7775
7811
7876
7944
8015
8155
8169
8186
8281
8292
8347
8350
8382
8442
8461
8574
8591
8664
8882
9054
9087
9100
9117
9149
9215
9244
9395
9462
9611
9634
9768
9855
9863
9866
0021
1279
1347
1565
1688
1803
1899
1927
2336
2473
2612
2733
2790
2805
2813
3552
3614
3633
3833
3991
4234
5256
5387
5445
5628
6191
6252
6655
7889
8880
0083
0157
0175
0180
0248
0269
0348
0352
0362
0460
0552
0672
0688
0732
0745
0755
0766
0838
0861
0878
0966
1046
1057
1167
1343
1460
1534
1558
1638
1761
1762
1767
2067
2166
2185
2752
2757
2770
2815
2962
2978
2979
3042
3046
3056
3144
3161
3163
3168
3182
3185
3203
3304
3306
3317
3335
3440
3475
3497
3679
3709
3724
3727
3761
3810
3823
3845
3900
3932
3964
4036
4046
4134
4164
4198
4214
4257
4272
4292
4320
4327
4451
4501
4530
4559
4748
4793
4800
4813
4831
4985
5016
5032
5045
5048
5053
5157
5171
5182
5194
5339
5346
5358
5436
5461
5479
5481
5560
5578
5675
5686
5728
5758
5792
5804
5861
5865
5872
5890
5893
5932
6069
6105
6114
6132
6154
6192
6196
6210
6307
6329
6344
6385
6396
6536
6588
6685
6717
6732
6737
6801
6877
6910
6919
6928
6943
6951
6986
6997
7049
7062
7073
7075
7122
7141
7148
7159
7187
7194
7214
7230
7279
7284
7331
7368
7387
7472
7487
7497
7503
7524
7525
7541
7601
7612
7643
7648
7678
7702
7704
7745
7774
7795
7928
8040
8068
8163
8170
8174
8199
8224
8243
8268
8318
8328
8365
8402
8443
8468
8475
8537
8553
8679
8715
8716
8729
8867
8870
8900
8901
8945
8966
9007
9023
9103
9121
9130
9155
9214
9241
9243
9251
9288
9300
9330
9332
9353
9354
9365
9394
9407
9410
9495
9543
9569
9574
9587
9690
9692
9703
9714
9746
9775
9811
9822
9885
9886
9901
9925
9929
9958
1089
1168
1246
1263
1366
1368
1382
1480
1687
1690
1815
2597
2658
2685
2690
2829
2873
2883
2989
2992
3290
3388
3525
3917
4201
4547
4594
5279
5286
5463
5492
5595
5644
5747
5862
5863
6000
6541
6656
7283
7287
7414
7744
8522
9969
0031
0068
0133
0148
0172
0232
0341
0452
0468
0487
0542
0557
0572
0576
0660
0774
0870
1655
1763
1838
2158
2331
2620
2926
2990
3063
3085
3090
3178
3192
3198
3229
3438
3538
3604
3638
3646
3657
3676
3707
3762
3776
3796
3797
3807
3819
3840
3951
4059
4107
4128
4135
4165
4193
4289
4303
4375
4390
4402
4418
4429
4449
4478
4633
4635
4647
4668
4669
4715
4751
4806
4834
4847
4882
4883
4886
4893
4919
4942
4952
5014
5137
5153
5162
5173
5281
5308
5349
5442
5444
5480
5506
5539
5549
5561
5562
5583
5606
5661
5730
5746
5770
5777
5797
5842
5870
5926
5975
6027
6038
6157
6160
6212
6218
6221
6246
6251
6305
6312
6362
6386
6409
6414
6441
6445
6475
6502
6509
6514
6591
6679
6711
6765
6805
6896
6952
7058
7078
7094
7132
7165
7196
7212
7241
7270
7304
7334
7350
7518
7567
7571
7610
7611
7623
7640
7670
7671
7709
7728
7731
7748
7752
7804
7844
7858
7888
7960
7962
7973
8066
8095
8128
8140
8158
8182
8218
8230
8237
8245
8266
8310
8319
8321
8326
8335
8361
8400
8414
8439
8451
8460
8476
8494
8508
8516
8595
8598
8653
8657
8676
8798
8801
8824
8883
8894
8905
8929
8973
9005
9077
9078
9093
9105
9116
9160
9168
9195
9202
9297
9337
9362
9363
9415
9435
9469
9474
9518
9583
9705
9763
9813
9867
9906
9974
1142
1179
1183
1292
1671
1714
1715
1791
1895
2296
2302
2363
2364
2491
2537
2594
2652
3020
3115
3231
3336
3511
4119
5396
5459
5682
5888
5966
6161
6263
6292
6462
7267
7546
7897
8463
8569
8582
9635
9877
0049
0053
0057
0158
0167
0168
0170
0237
0241
0249
0263
0272
0283
0336
0343
0344
0372
0392
0436
0443
0451
0458
0469
0472
0473
0485
0562
0647
0680
0783
0842
0947
0983
1146
1681
1757
1764
1849
2086
2096
2649
2860
2966
3096
3166
3370
3402
3404
3428
3442
3472
3477
3479
3485
3508
3564
3588
3617
3813
3827
3839
3844
3860
3905
3916
3920
3943
3967
3974
3986
3997
4007
4018
4022
4032
4053
4075
4095
4146
4307
4346
4349
4352
4439
4443
4459
4476
4483
4503
4508
4683
4707
4720
4721
4761
4772
4784
4822
4841
4850
4861
4876
4890
4922
4936
4948
4960
4965
4969
5003
5036
5103
5104
5177
5179
5191
5219
5304
5347
5408
5441
5570
5602
5720
5724
5779
5793
5886
5958
5961
6021
6041
6068
6081
6116
6118
6140
6146
6164
6169
6280
6370
6436
6460
6494
6504
6573
6617
6671
6727
6748
6756
6771
6778
6788
6797
6800
6918
6960
6978
7064
7098
7213
7218
7237
7332
7393
7450
7514
7520
7613
7619
7629
7633
7636
7697
7721
7743
7756
7758
7798
7834
7859
7925
7995
8021
8024
8034
8071
8084
8149
8160
8201
8259
8304
8308
8316
8343
8375
8389
8392
8416
8434
8473
8479
8483
8505
8511
8570
8577
8580
8614
8673
8710
8747
8750
8754
8797
8834
8960
8962
8977
9042
9125
9128
9146
9154
9174
9235
9242
9285
9368
9382
9384
9493
9499
9542
9612
9637
9656
9676
9695
9751
9773
9833
9890
9971
9978
0025
0786
1094
1135
1173
1186
1266
1339
1457
1589
1692
1698
1745
1819
1867
2230
2497
2498
2499
2553
2783
3298
3300
3310
3551
3553
3786
4004
5222
5241
5292
5363
5364
5809
6354
6366
6545
6589
7845
7887
8771
8963
8965
9173
9517
0194
0261
0363
0374
0463
0478
0635
0668
0700
0734
0839
0940
0967
0995
1584
1743
1782
1855
2057
2083
2373
2761
2924
2925
2936
2939
2956
3045
3134
3160
3173
3228
3267
3435
3607
3688
3771
3781
3879
3885
3918
3972
3981
4008
4014
4031
4057
4069
4081
4088
4162
4337
4339
4473
4601
4605
4609
4615
4705
4740
4854
4885
4908
4914
4926
4930
4933
4934
4961
4967
5047
5061
5065
5072
5084
5094
5095
5348
5573
5715
5740
5743
5918
5929
5993
6075
6106
6124
6133
6144
6156
6167
6168
6186
6302
6316
6326
6377
6470
6479
6563
6570
6571
6603
6604
6605
6618
6707
6730
6774
6779
6832
6851
6888
6893
6905
6914
6961
6981
7010
7015
7018
7088
7144
7164
7173
7197
7238
7242
7251
7324
7359
7402
7415
7439
7471
7602
7644
7701
7725
7742
7759
7838
7851
7900
7953
7977
8014
8018
8070
8073
8094
8105
8127
8227
8260
8342
8384
8401
8406
8409
8413
8444
8480
8530
8532
8534
8608
8640
8647
8649
8700
8703
8712
8743
8759
8776
8816
8829
8836
8893
8913
8964
8968
8987
9017
9027
9028
9029
9052
9141
9200
9217
9267
9302
9331
9372
9421
9540
9608
9628
9643
9655
9689
9707
9745
9760
9765
9770
9844
9857
9910
9950
9973
9979
9995
0014
0090
0999
1084
1267
1295
1447
1455
1579
1750
1869
2097
2228
2399
2549
2743
2749
2798
2852
3224
4297
4426
4582
4868
5277
5359
5488
5580
5659
6255
6299
6528
6999
7321
7533
7733
7800
8020
8283
8891
0046
0173
0268
0332
0383
0397
0434
0457
0483
0570
0657
0744
0772
1736
1858
2841
2944
3174
3392
3543
3783
3871
3884
3924
3946
3961
4006
4013
4028
4037
4061
4067
4074
4078
4471
4603
4634
4641
4702
4733
4941
4946
4972
4973
5040
5074
5093
5176
5744
5748
5949
6035
6040
6079
6096
6121
6148
6155
6171
6174
6181
6216
6270
6311
6375
6451
6518
6620
6702
6725
6741
6870
6885
6902
6907
6949
7013
7030
7047
7103
7169
7216
7302
7306
7308
7367
7434
7451
7594
7719
7782
7816
7905
7970
8047
8048
8056
8077
8126
8154
8203
8206
8276
8278
8298
8450
8454
8470
8502
8506
8515
8667
8702
8755
8793
8799
8830
8839
8879
9006
9034
9045
9076
9304
9420
9468
9476
9482
9521
9645
9740
9772
9834
9861
9916
9917
9918
9942
9947
9954
9959
0004
0085
0500
0577
0879
1194
1271
1274
1459
1625
1630
1666
1668
1713
1795
2126
2352
2368
2484
2518
2601
2603
2632
2637
2676
2717
2787
2796
2858
3337
3515
3523
3621
3626
3639
3999
4682
4891
5294
5342
5524
5526
5810
5855
6242
6522
6546
7464
7473
7538
7569
7586
7833
7856
8465
8466
8469
8869
9270
9998
0181
0342
0367
0466
0600
0632
0773
0778
0949
2063
2174
2870
3403
3406
3439
3446
3734
3864
4043
4062
4097
4489
4719
4913
4931
4959
4997
5062
5096
5736
5745
5760
5778
5838
6018
6031
6045
6058
6098
6182
6350
6640
6649
6700
6744
6821
6834
6843
6861
6906
7063
7065
7079
7085
7131
7166
7371
7403
7490
7558
7668
7681
7686
7760
7881
7904
7934
8049
8074
8098
8302
8305
8329
8349
8353
8371
8464
8481
8613
8638
8644
8671
8772
9016
9059
9073
9314
9348
9403
9500
9522
9629
9649
9734
9754
9767
9783
0759
0989
1079
1091
1156
1175
1329
1354
1365
1377
1482
1607
2024
2193
2240
2247
2295
2562
2574
2730
2740
2895
3246
3248
3309
3507
3566
3627
3656
3664
4118
4227
4282
4399
4585
4736
4780
4925
5638
5657
5672
5789
5798
6289
6477
6595
6668
6824
6833
6866
6977
7080
7265
7288
7375
7384
7707
7772
7829
7874
8152
8263
8299
8528
8733
8868
9021
9321
9527
9652
9764
0177
0259
0537
0670
0844
3704
4704
4718
5616
5733
5945
6012
6143
6448
6840
7027
7055
7250
7993
8076
8918
8954
9179
9248
9457
9479
9718
9743
9946
0033
0082
0096
0555
0569
0855
0856
0857
0885
1053
1364
1467
1483
1549
1678
1756
1875
1898
2088
2156
2197
2388
2463
2472
2496
2615
2664
2689
2714
2738
2755
2780
2801
2869
3009
3150
3218
3238
3259
3353
3499
3589
3599
4011
4121
4192
4241
4264
4287
4325
4373
4555
4849
5080
5127
5373
5386
5435
5513
5515
5546
5569
5664
5676
5832
6010
6323
6342
6398
6426
6495
6542
6627
6696
6989
7119
7137
7253
7296
7433
7477
8191
8269
8272
8291
8412
8424
8826
8897
9233
9623
9779
9977
0238
0262
0350
0474
0667
0764
2751
3073
3929
3989
4945
4958
4988
5981
6084
6087
6402
6809
6862
6956
7014
7116
7803
7994
8116
8135
8407
8681
8720
8760
8853
8997
9266
9351
9602
9678
9862
9975
0138
0234
0296
0695
0888
0890
1166
1172
1281
1361
1466
1543
1560
1645
1673
1700
1814
1846
2055
2094
2149
2168
2172
2251
2319
2353
2386
2390
2434
2459
2540
2598
2666
2820
2844
2851
2877
2879
2898
2935
2998
3014
3027
3133
3164
3236
3243
3249
3294
3371
3411
3491
3522
3528
3612
3622
3655
3694
3824
3852
3993
4025
4117
4120
4129
4206
4232
4233
4239
4277
4291
4322
4423
4465
4524
4573
4999
5291
5351
5361
5368
5467
5474
5486
5510
5597
5603
5687
5695
5790
5824
6066
6261
6278
6345
6356
6389
6423
6457
6529
6564
6566
6966
6987
7235
7275
7512
7523
7553
7596
7672
7723
7776
7783
7839
8096
8297
8324
8377
8386
8547
8761
8844
8908
8969
9257
9293
9433
9699
9812
9879
0010
0086
0197
0229
0393
0585
0851
0854
0863
0895
0965
0988
1165
1334
1491
1578
1694
1744
1769
1777
1862
1935
2028
2190
2238
2271
2279
2396
2616
2636
2657
2673
2692
2699
2896
2903
2995
2996
3106
3122
3187
3209
3261
3287
3362
3363
3374
3383
3490
3509
3529
3576
3587
3595
3668
3686
3794
3853
3897
3899
4110
4122
4124
4130
4281
4420
4577
4631
4698
4732
4734
4863
5064
5089
5174
5201
5205
5269
5300
5338
5367
5389
5395
5431
5458
5484
5527
5564
5567
5593
5594
5753
5811
5839
5856
5867
5899
5911
6233
6290
6293
6399
6428
6471
6521
6554
6584
6610
6652
6682
6811
7109
7271
7336
7441
7528
7542
7812
8120
8221
8294
8562
8596
8597
8629
8689
8741
8823
9031
9109
9113
9169
9189
9221
9239
9269
9275
9289
9305
9352
9418
9432
9519
9532
9685
9698
9725
9793
9851
9985
9997
0042
0051
0071
0255
0279
0360
0850
0998
1073
1485
1614
1693
1785
1794
1883
1915
2034
2065
2151
2159
2175
2191
2194
2239
2261
2382
2461
2575
2681
2731
2759
2803
2821
2833
2835
2847
2853
2921
3024
3102
3128
3157
3190
3206
3273
3274
3284
3289
3389
3426
3430
3482
3563
3567
3635
3659
3685
3687
3722
3757
3868
3965
4158
4189
4194
4213
4216
4220
4244
4274
4412
4474
4492
4541
4544
4689
4690
4695
4709
4727
4810
4820
4852
4884
4963
5001
5023
5079
5085
5108
5138
5140
5209
5344
5383
5457
5470
5559
5563
5572
5612
5679
5769
5873
5936
5988
6005
6120
6163
6222
6258
6484
6559
6647
6654
6873
6890
6904
6912
6924
7021
7050
7082
7090
7096
7102
7239
7247
7262
7333
7356
7363
7463
7496
7521
7529
7565
7587
7662
7717
8052
8138
8172
8428
8429
8452
8685
8725
8745
8756
8790
9180
9222
9357
9425
9436
9466
9807
9993
0087
0391
0395
0459
0547
0580
0598
0692
0751
0795
0869
0893
0899
0972
1051
1065
1082
1152
1386
1556
1581
1663
1685
1731
1816
1826
1873
2074
2091
2177
2338
2493
2517
2621
2720
2732
2750
2764
2779
2791
2951
2977
2993
3060
3119
3159
3230
3319
3324
3338
3346
3352
3354
3413
3414
3532
3544
3583
3613
3629
3649
3653
3726
3732
3743
3758
3913
3927
3933
3995
4064
4154
4155
4174
4197
4202
4204
4293
4295
4323
4345
4359
4360
4416
4442
4470
4510
4539
4540
4611
4623
4701
4725
4729
4768
4897
4993
4996
5029
5155
5180
5188
5206
5218
5314
5322
5336
5352
5401
5402
5447
5502
5540
5627
5688
5697
5709
5806
5834
5836
5868
5880
5897
5928
5934
6119
6199
6237
6273
6286
6310
6420
6421
6432
6598
6626
6674
6694
6827
6854
6879
6895
6900
6921
6925
6947
6954
6963
6964
6970
6990
6993
7041
7071
7105
7140
7172
7193
7209
7232
7355
7396
7422
7482
7485
7511
7551
7582
7604
7622
7627
7653
7687
7714
7737
7853
7952
7980
8005
8025
8075
8110
8184
8258
8312
8313
8338
8373
8391
8403
8423
8500
8536
8563
8572
8592
8695
8697
8766
8788
8876
8885
8907
8925
8928
9013
9101
9183
9377
9490
9523
9597
9638
9693
9752
9791
9802
9887
9889
9919
9928
9987
9989
0036
0043
0066
0137
0171
0240
0300
0345
0540
0559
0581
0589
0631
0742
0780
0962
1067
1071
1162
1468
1484
1659
1697
1751
1758
1787
1827
1863
1871
2069
2135
2176
2182
2490
2519
2557
2591
2762
2778
2885
2887
2928
2952
3002
3031
3040
3044
3089
3109
3147
3152
3156
3158
3225
3307
3381
3395
3409
3421
3489
3518
3541
3545
3554
3585
3601
3642
3672
3682
3728
3753
3787
3788
3812
3834
3903
3966
3996
4024
4026
4034
4045
4131
4236
4288
4319
4392
4428
4433
4435
4464
4497
4514
4575
4619
4665
4694
4752
4837
4853
4916
4950
4976
5009
5025
5052
5059
5203
5249
5328
5360
5372
5376
5400
5409
5438
5538
5592
5680
5726
5791
5799
5846
5877
5883
5908
5954
5967
6101
6240
6241
6285
6327
6334
6347
6353
6401
6406
6438
6465
6497
6511
6515
6531
6567
6593
6609
6625
6683
6726
6772
6829
6849
6852
6903
6945
6984
7008
7128
7133
7142
7145
7190
7200
7217
7228
7244
7276
7281
7282
7300
7301
7305
7310
7313
7381
7390
7395
7486
7552
7561
7615
7635
7691
7797
7821
8119
8136
8192
8211
8213
8214
8229
8233
8257
8274
8279
8284
8296
8489
8690
8728
8774
8805
8807
8809
8857
8942
8992
9011
9124
9148
9220
9229
9240
9255
9265
9279
9282
9296
9298
9409
9456
9501
9550
9559
9563
9568
9598
9621
9636
9647
9662
9666
9721
9732
9798
9810
9823
9869
9896
9903
9933
9943
0018
0145
0176
0185
0188
0274
0287
0291
0292
0353
0354
0364
0389
0396
0476
0490
0565
0592
0597
0687
0750
0754
0785
0793
0943
0945
0950
0975
0980
0982
1048
1163
1372
1383
1517
1576
1683
1752
1872
1882
2033
2035
2042
2098
2173
2339
2592
2650
2671
2675
2696
2700
2719
2763
2771
2781
2788
2816
2836
2923
2933
2975
2985
3016
3071
3093
3095
3153
3227
3244
3272
3280
3347
3364
3444
3481
3483
3498
3548
3619
3628
3670
3701
3735
3750
3752
3814
3818
3858
3869
3923
3941
3950
3952
3987
3988
4051
4163
4173
4181
4199
4305
4315
4333
4340
4354
4356
4364
4398
4437
4452
4518
4570
4574
4621
4632
4638
4645
4666
4677
4724
4777
4787
4798
4799
4816
4880
4927
4977
4986
5004
5006
5013
5024
5028
5042
5046
5058
5077
5117
5170
5185
5187
5202
5228
5319
5345
5450
5489
5609
5634
5649
5707
5718
5742
5796
5848
5849
5851
5925
5950
5955
5986
5998
6002
6014
6117
6125
6235
6253
6267
6295
6296
6308
6379
6382
6394
6411
6412
6458
6492
6496
6540
6544
6632
6650
6657
6672
6847
6855
6859
6865
6897
6917
6974
7068
7100
7106
7147
7185
7252
7254
7255
7258
7260
7294
7362
7365
7417
7436
7437
7444
7479
7499
7568
7576
7597
7628
7647
7679
7690
7694
7736
7753
7767
7780
7822
7826
7841
7857
7875
7911
7951
7978
7990
8002
8011
8012
8026
8059
8069
8090
8101
8142
8148
8232
8247
8280
8293
8327
8362
8376
8474
8485
8504
8507
8533
8560
8568
8607
8611
8632
8643
8699
8832
8854
8953
8975
8976
9010
9020
9025
9030
9041
9055
9082
9086
9098
9129
9209
9322
9355
9386
9467
9505
9516
9531
9555
9573
9593
9650
9684
9777
9859
9892
9904
0029
0041
0058
0073
0132
0161
0174
0189
0235
0245
0253
0260
0270
0280
0298
0382
0388
0394
0454
0477
0496
0498
0554
0566
0594
0682
0691
0693
0696
0799
0836
0841
0845
0955
0958
0969
0978
0996
1070
1262
1336
1639
1689
1738
1746
1748
1779
1831
1866
2039
2076
2081
2082
2084
2092
2153
2160
2375
2618
2655
2706
2768
2842
2849
2862
2866
2934
2963
2969
3029
3035
3065
3116
3126
3136
3155
3189
3252
3288
3295
3308
3314
3342
3375
3376
3420
3445
3449
3458
3494
3530
3582
3584
3661
3671
3681
3759
3784
3804
3806
3815
3830
3832
3846
3887
3889
3949
3953
3954
3960
3973
3975
4019
4109
4140
4161
4178
4296
4335
4369
4382
4391
4406
4450
4467
4485
4491
4498
4509
4549
4581
4584
4600
4604
4616
4625
4639
4684
4699
4782
4794
4796
4797
4804
4825
4856
4878
4895
4901
4975
4978
4989
5012
5017
5031
5068
5132
5149
5181
5183
5195
5230
5315
5340
5341
5374
5392
5398
5429
5473
5508
5534
5536
5576
5611
5613
5618
5637
5668
5721
5737
5759
5781
5787
5815
5845
5879
5887
5907
5942
5957
5960
5977
5987
5996
6034
6064
6072
6127
6166
6193
6217
6228
6244
6303
6335
6341
6346
6365
6368
6378
6430
6482
6510
6524
6555
6568
6590
6638
6653
6675
6681
6689
6693
6695
6718
6745
6835
6838
6909
6920
6939
6959
6962
6994
7022
7040
7077
7113
7146
7152
7180
7181
7182
7219
7257
7352
7364
7379
7382
7394
7408
7409
7459
7461
7462
7480
7484
7500
7527
7545
7547
7577
7583
7593
7620
7652
7726
7732
7805
7810
7820
7866
7870
7914
7998
8004
8019
8112
8130
8133
8139
8144
8183
8197
8200
8219
8273
8286
8287
8301
8332
8348
8431
8459
8490
8529
8573
8609
8621
8636
8682
8684
8696
8698
8717
8749
8806
8821
8875
8887
8919
8923
9003
9032
9037
9056
9069
9095
9096
9118
9120
9153
9156
9157
9196
9232
9245
9256
9258
9281
9283
9294
9327
9344
9369
9426
9445
9454
9481
9496
9525
9526
9541
9578
9606
9627
9683
9722
9723
9769
9809
9818
9824
9880
9895
9908
9921
9932
9939
9941
9956
9986
9994
0034
0038
0054
0063
0065
0084
0092
0097
0141
0155
0199
0236
0247
0264
0271
0275
0346
0359
0373
0377
0386
0480
0488
0532
0564
0633
0640
0655
0665
0671
0683
0686
0694
0757
0760
0792
0797
0832
0843
0931
0954
0961
0992
1629
1635
1682
1686
1759
1841
2072
2077
2078
2270
2283
2576
2776
2814
2871
2915
2937
2957
2961
2974
2981
2987
2988
2997
3022
3036
3055
3070
3091
3098
3167
3226
3329
3358
3360
3394
3419
3429
3488
3496
3506
3527
3531
3549
3592
3602
3609
3705
3725
3729
3736
3768
3801
3837
3847
3854
3902
3909
3926
3936
3956
3963
3980
3985
4030
4060
4076
4092
4102
4149
4170
4176
4184
4186
4314
4329
4348
4394
4413
4419
4425
4434
4438
4448
4461
4479
4494
4636
4648
4661
4662
4667
4676
4696
4742
4749
4760
4788
4805
4827
4828
4839
4888
4937
4964
4984
5008
5015
5035
5043
5082
5090
5107
5128
5139
5193
5199
5278
5313
5316
5343
5354
5365
5378
5417
5448
5517
5579
5581
5604
5615
5630
5651
5681
5684
5685
5696
5702
5741
5750
5751
5754
5794
5828
5841
5875
5906
5915
5924
5947
5973
5985
5989
6042
6048
6050
6051
6056
6062
6080
6103
6107
6112
6137
6139
6152
6158
6159
6165
6173
6179
6189
6198
6208
6243
6257
6271
6324
6331
6343
6351
6358
6359
6360
6384
6388
6417
6419
6435
6447
6507
6513
6519
6535
6539
6553
6586
6594
6599
6615
6619
6641
6659
6708
6715
6722
6723
6728
6761
6766
6795
6796
6812
6813
6816
6901
6922
6973
6975
7006
7024
7034
7042
7069
7099
7101
7115
7130
7183
7188
7192
7201
7204
7222
7291
7378
7401
7404
7406
7407
7489
7498
7540
7555
7556
7559
7562
7573
7589
7591
7607
7608
7618
7626
7675
7683
7684
7692
7738
7768
7794
7801
7802
7819
7830
7846
7847
7872
7909
7935
7957
7958
7964
7982
7984
8009
8016
8028
8042
8103
8194
8207
8220
8223
8262
8271
8367
8393
8397
8531
8542
8567
8581
8626
8633
8635
8651
8663
8683
8694
8707
8709
8734
8746
8752
8779
8782
8792
8810
8813
8819
8831
8864
8904
8920
8956
8967
8979
8981
8994
8995
9004
9035
9048
9050
9070
9081
9089
9132
9140
9147
9167
9175
9188
9190
9194
9218
9219
9226
9227
9234
9250
9254
9271
9286
9287
9309
9324
9326
9334
9346
9398
9399
9408
9460
9497
9535
9538
9539
9544
9551
9556
9571
9576
9620
9625
9644
9664
9686
9704
9715
9719
9728
9733
9758
9782
9803
9808
9843
9845
9902
9907
9924
9992
0047
0076
0136
0186
0195
0196
0286
0293
0351
0365
0366
0378
0379
0381
0384
0437
0441
0453
0492
0495
0499
0539
0560
0574
0575
0579
0593
0653
0679
0681
0684
0763
0840
0862
0867
0875
0886
0932
0934
0935
0956
0968
0976
0997
1338
1448
1637
1653
1773
1778
2139
2163
2670
2756
2857
2881
2917
2919
2922
2943
2946
2947
2948
2959
2964
2999
3026
3061
3074
3082
3094
3097
3127
3176
3286
3318
3351
3361
3368
3378
3450
3476
3480
3534
3560
3565
3603
3637
3677
3713
3717
3770
3795
3808
3816
3820
3829
3831
3861
3863
3867
3928
3947
3948
3962
4035
4049
4052
4058
4071
4191
4219
4240
4324
4338
4358
4371
4385
4387
4393
4395
4401
4457
4460
4468
4482
4487
4495
4517
4543
4579
4608
4657
4678
4687
4692
4708
4741
4743
4783
4802
4817
4829
4833
4836
4879
4889
4896
4918
4938
4939
4954
4982
4995
5044
5063
5069
5088
5163
5178
5217
5298
5390
5416
5439
5519
5571
5691
5694
5699
5703
5719
5722
5725
5727
5731
5732
5734
5749
5752
5773
5807
5843
5860
5898
5902
5905
5910
5912
5916
5935
5940
5956
5968
6024
6030
6082
6085
6111
6128
6134
6135
6142
6206
6207
6249
6269
6300
6301
6313
6330
6338
6391
6393
6416
6427
6450
6481
6491
6493
6505
6508
6527
6538
6550
6552
6572
6581
6597
6607
6608
6613
6628
6634
6637
6658
6704
6713
6714
6759
6760
6775
6792
6794
6802
6819
6820
6831
6857
6878
6887
6892
6899
6933
6934
6941
6950
6957
6976
6982
6983
7004
7020
7038
7076
7086
7087
7124
7127
7138
7149
7158
7160
7178
7189
7236
7240
7261
7307
7309
7317
7320
7343
7347
7389
7400
7443
7453
7457
7470
7491
7515
7543
7574
7603
7605
7624
7631
7638
7658
7680
7705
7718
7720
7730
7786
7807
7815
7818
7831
7832
7871
7902
7903
7922
7927
7941
7948
7955
7956
7959
7972
7986
7992
7999
8022
8032
8072
8079
8083
8092
8099
8113
8143
8165
8178
8190
8193
8202
8205
8222
8231
8238
8261
8285
8289
8340
8352
8359
8381
8387
8399
8427
8458
8477
8493
8495
8498
8503
8540
8545
8548
8584
8602
8615
8617
8625
8627
8652
8656
8672
8704
8708
8718
8722
8726
8737
8757
8770
8777
8814
8843
8851
8863
8878
8886
8935
8937
8943
8947
8957
8958
8971
9049
9057
9060
9068
9084
9131
9135
9152
9159
9163
9170
9176
9186
9198
9212
9236
9247
9249
9259
9260
9268
9290
9307
9320
9349
9397
9400
9424
9438
9465
9503
9509
9533
9537
9566
9575
9589
9590
9603
9610
9646
9665
9667
9668
9672
9680
9700
9709
9711
9737
9738
9741
9742
9787
9790
9806
9827
9850
9923
9957
9965
9970
9972
0030
0062
0067
0094
0154
0165
0169
0278
0282
0290
0334
0355
0361
0368
0390
0446
0470
0538
0571
0584
0591
0641
0643
0644
0645
0650
0664
0735
0747
0787
0796
0833
0834
0846
0872
0892
0936
0944
0946
0948
0974
0979
0993
1446
1755
2038
2068
2617
2938
2940
2960
2976
3037
3038
3075
3087
3186
3260
3340
3379
3382
3447
3448
3516
3608
3631
3634
3643
3660
3703
3706
3718
3731
3775
3793
3842
3849
3859
3888
3892
3895
3914
3919
3930
3944
3957
3976
4005
4029
4084
4087
4093
4099
4113
4137
4148
4167
4238
4374
4430
4538
4606
4672
4686
4706
4756
4759
4764
4818
4838
4874
4902
4905
4906
4917
4923
4929
4956
4966
4968
4974
4980
5002
5041
5071
5141
5145
5146
5161
5165
5186
5207
5216
5381
5414
5485
5504
5601
5619
5704
5705
5716
5717
5738
5764
5772
5774
5776
5783
5784
5814
5816
5835
5837
5904
5913
5921
5946
5964
5965
5971
5992
6004
6023
6028
6044
6057
6059
6074
6151
6183
6203
6214
6215
6219
6227
6276
6281
6309
6315
6319
6328
6364
6367
6374
6383
6387
6404
6405
6418
6429
6449
6461
6469
6472
6476
6486
6487
6498
6503
6506
6520
6530
6579
6630
6645
6648
6651
6690
6703
6709
6716
6719
6734
6738
6746
6751
6754
6757
6762
6798
6818
6836
6839
6844
6864
6880
6929
6992
7005
7017
7026
7046
7066
7093
7126
7153
7184
7198
7208
7221
7314
7315
7329
7344
7388
7397
7421
7442
7446
7449
7481
7494
7501
7505
7510
7560
7564
7566
7637
7646
7661
7696
7715
7716
7806
7817
7837
7840
7842
7849
7855
7864
7886
7907
7916
7929
7937
7947
7949
7954
7967
7969
7974
8035
8041
8054
8058
8062
8065
8104
8122
8134
8147
8157
8177
8189
8198
8208
8236
8249
8309
8336
8346
8351
8357
8364
8368
8378
8380
8388
8398
8435
8440
8445
8446
8453
8497
8519
8539
8549
8550
8551
8589
8616
8619
8622
8639
8641
8646
8655
8658
8680
8706
8753
8794
8820
8827
8835
8837
8845
8874
8902
8906
8938
8955
8980
9018
9047
9063
9085
9088
9094
9133
9145
9150
9197
9207
9213
9278
9301
9319
9325
9336
9340
9350
9361
9364
9366
9387
9402
9427
9430
9437
9439
9441
9442
9470
9472
9485
9507
9528
9529
9530
9534
9546
9557
9564
9584
9594
9604
9609
9615
9660
9706
9726
9727
9748
9755
9757
9761
9762
9774
9778
9781
9784
9788
9794
9796
9804
9814
9815
9817
9820
9830
9849
9872
9873
9884
9927
9936
9940
9983
0026
0056
0060
0139
0166
0233
0257
0295
0335
0339
0340
0376
0380
0398
0438
0439
0445
0553
0563
0634
0637
0648
0669
0673
0676
0739
0740
0743
0746
0781
0782
0784
0790
0865
0868
0871
0877
0941
0957
0964
0977
0984
1647
1658
1667
1674
2043
2059
2073
2734
2920
2953
2965
2968
2971
2980
2984
3043
3048
3053
3076
3084
3137
3148
3149
3165
3183
3302
3367
3417
3427
3453
3471
3493
3505
3539
3594
3605
3708
3723
3774
3798
3805
3817
3856
3877
3882
3904
3907
3908
3925
3935
3970
3979
3983
3990
3992
3994
3998
4009
4033
4039
4048
4073
4082
4083
4086
4105
4195
4196
4249
4347
4368
4380
4384
4534
4614
4640
4642
4671
4714
4731
4739
4745
4803
4809
4845
4857
4871
4877
4881
4894
4912
4915
4921
4947
4970
4998
5018
5020
5054
5075
5091
5106
5167
5192
5403
5406
5548
5617
5629
5708
5713
5739
5768
5795
5803
5830
5900
5903
5909
5914
5919
5931
5937
5941
5970
5979
5984
5990
6013
6016
6026
6037
6043
6049
6052
6054
6078
6092
6094
6104
6108
6136
6145
6153
6184
6205
6260
6265
6306
6349
6380
6392
6395
6407
6434
6437
6439
6480
6490
6533
6549
6592
6643
6670
6705
6710
6724
6729
6733
6740
6749
6752
6763
6773
6780
6787
6807
6808
6814
6823
6825
6830
6858
6860
6867
6908
6926
6927
6932
6946
6998
7023
7028
7031
7039
7081
7084
7157
7163
7170
7199
7203
7206
7316
7330
7335
7339
7351
7354
7405
7440
7460
7506
7508
7544
7563
7578
7599
7600
7606
7634
7639
7649
7657
7706
7740
7746
7754
7763
7790
7792
7814
7908
7910
7912
7921
7938
7939
7940
7975
7976
7985
7987
8007
8013
8033
8039
8057
8061
8093
8109
8117
8132
8137
8153
8187
8195
8216
8239
8300
8314
8320
8333
8341
8408
8422
8430
8517
8535
8543
8544
8578
8590
8594
8606
8628
8637
8660
8662
8670
8724
8730
8736
8748
8763
8781
8803
8815
8838
8842
8865
8871
8872
8924
8931
8944
8952
8959
8986
9002
9022
9036
9039
9040
9051
9053
9071
9074
9075
9104
9126
9143
9162
9166
9203
9205
9206
9208
9216
9223
9237
9238
9261
9284
9291
9306
9312
9328
9356
9360
9370
9374
9383
9388
9389
9391
9401
9412
9416
9419
9434
9440
9452
9458
9475
9480
9486
9504
9506
9508
9545
9560
9561
9562
9567
9572
9577
9579
9616
9651
9671
9677
9682
9702
9708
9730
9735
9744
9747
9749
9766
9771
9795
9816
9819
9826
9828
9829
9835
9836
9840
9913
9926
9968
9984
0039
0144
0162
0239
0256
0277
0284
0349
0356
0370
0371
0433
0444
0447
0465
0467
0471
0482
0489
0534
0558
0567
0573
0646
0656
0697
0738
0748
0749
0756
0761
0768
0769
0776
0779
0847
0849
0860
0937
0939
0960
0971
0994
2037
2758
2861
2994
3034
3049
3057
3062
3135
3349
3702
3730
3760
3763
3778
3779
3780
3790
3803
3835
3855
3873
3901
3912
3955
3978
4027
4038
4072
4079
4089
4098
4139
4166
4172
4317
4318
4330
4378
4493
4531
4571
4674
4735
4940
4943
4971
4983
4992
5027
5081
5087
5099
5116
5144
5164
5302
5307
5332
5706
5755
5766
5782
5817
5871
5901
5927
5933
5938
5939
5943
5982
5994
6008
6017
6025
6055
6063
6065
6073
6089
6138
6150
6176
6178
6320
6340
6433
6440
6551
6596
6602
6623
6629
6701
6720
6731
6739
6743
6782
6815
6826
6828
6850
6853
6863
6875
6883
6894
6898
6935
6940
6944
7019
7032
7035
7037
7056
7097
7134
7136
7150
7156
7167
7168
7176
7191
7338
7341
7348
7376
7516
7614
7617
7630
7660
7674
7735
7915
7917
7942
7971
7996
8006
8017
8027
8029
8031
8037
8060
8064
8078
8124
8129
8161
8173
8175
8176
8180
8196
8234
8244
8251
8270
8331
8363
8366
8404
8415
8438
8441
8447
8449
8496
8518
8557
8561
8576
8583
8603
8612
8620
8631
8666
8711
8713
8735
8784
8847
8914
8915
8917
8927
8930
8932
8939
8940
8948
8949
8972
8974
8983
9026
9046
9058
9061
9064
9065
9083
9106
9122
9138
9144
9158
9161
9181
9274
9276
9280
9303
9316
9318
9335
9338
9342
9347
9373
9380
9381
9385
9414
9417
9459
9471
9483
9487
9520
9547
9549
9581
9586
9588
9591
9605
9607
9648
9657
9661
9694
9716
9724
9739
9756
9792
9837
9848
9864
9868
9882
9883
9893
9894
9920
9930
9934
9935
9937
9945
0091
0338
0358
0448
0449
0455
0461
0543
0545
0636
0638
0639
0649
0658
0659
0662
0674
0677
0678
0733
0736
0762
0765
0835
0837
0848
0876
0883
0942
0970
1749
2066
2914
3039
3041
3059
3064
3072
3088
3484
3678
3766
3802
3809
3836
3870
3874
3876
3898
3915
3922
3931
3942
3945
3958
3977
4308
4396
4446
4617
4703
4737
4738
4771
4920
4944
4953
5039
5057
5073
5097
5303
5547
5765
5785
5944
5983
6032
6036
6039
6067
6076
6091
6097
6131
6204
6361
6381
6403
6483
6526
6537
6562
6706
6712
6735
6750
6753
6755
6764
6786
6793
6799
6804
6848
6881
6938
6948
6955
6967
6979
7016
7036
7052
7057
7060
7061
7067
7092
7104
7162
7207
7303
7349
7370
7385
7483
7517
7570
7761
7813
7835
7919
8003
8030
8044
8051
8063
8067
8087
8097
8106
8115
8121
8141
8167
8179
8185
8306
8330
8334
8358
8418
8471
8499
8601
8618
8630
8661
8678
8714
8731
8740
8764
8768
8773
8817
8841
8846
8861
8916
8936
8951
8984
8985
9019
9043
9062
9067
9072
9134
9164
9184
9308
9323
9329
9341
9343
9367
9379
9404
9443
9446
9451
9478
9484
9548
9553
9558
9617
9619
9624
9670
9681
9717
9729
9736
9759
9838
9847
9949
9964
9967
0675
0752
0775
3086
3437
3460
3747
3959
4643
4909
5788
5923
5930
6070
6071
6083
6088
6093
6175
6187
6317
6916
7033
7048
7430
7739
7918
7965
8036
8043
8146
8171
8209
8344
8370
8780
9151
9204
9230
9359
9447
9613
9642
9776
0276
0281
0400
0435
0475
0583
0661
0938
3067
3078
3934
3938
4716
4730
4843
4924
5076
5148
5166
5917
5974
6019
6022
6046
6047
6086
6095
6415
6560
6578
6747
6803
6806
6846
6876
6882
7059
7161
7431
7609
7616
7930
7943
7961
7968
7981
8038
8204
8277
8303
8337
8339
8356
8419
8719
8775
8849
8860
8922
8933
9033
9038
9079
9358
9429
9461
9679
9839
9846
9860